"""
    方阵转置算法
"""
# list01 = [
#     [1, 2, 3, 4],
#     [5, 6, 7, 8],
#     [9, 10, 11, 12],
#     [13, 14, 15, 16]
# ]

list01 = [[1, 5, 9, 13], [2, 6, 10, 14], [3, 7, 11, 15], [4, 8, 12, 16]]
# [[1, 2, 3, 4], [5, 6, 7, 8], [9, 10, 11, 12], [13, 14, 15, 16]]

for r in range(len(list01)):

    for c in range(r, len(list01)):
        # 数据对调
        list01[r][c], list01[c][r] = list01[c][r], list01[r][c]
print(list01)

# [[1, 5, 9, 13], [2, 6, 10, 14], [3, 7, 11, 15], [4, 8, 12, 16]]